3,2
3,1
3,3
10,104
10,84
10,171
10,310
10,250
10,152
10,265
10,1
10,114
10,2
10,3
11,26
11,30
11,14
11,15
11,20
11,25
11,24
11,1
11,28
11,2
11,3
9,7
9,4
9,1
9,6
9,2
9,3
8,8
8,17
8,16
8,5
8,10
8,12
8,1
8,6
8,2
8,3
0,318
12,2
12,1
12,3
20,2
20,1
20,3
19,2
19,1
19,3
18,1
18,3
14,1
14,4
14,3
13,1
13,3
2,2
2,1
2,3
34,65
34,64
34,36
34,35
34,34
34,33
34,32
34,31
34,30
34,29
34,28
34,27
34,26
34,25
34,24
34,23
34,22
34,21
34,20
34,19
34,18
34,17
34,16
34,15
34,14
34,13
34,12
34,11
34,10
34,9
34,8
34,7
34,1
34,6
34,5
0,474
0,0
37,34
37,33
37,32
